           k         eta           a       delta      delta'
   0.0501187   2.1139300   0.0103434   0.0003376   0.0075587
   0.0501187   2.1578600   0.0106867   0.0006644   0.0073222
   0.0501187   2.2017900   0.0110301   0.0009812   0.0071045
   0.0501187   2.2457200   0.0113734   0.0012889   0.0069040
   0.0501187   2.2896500   0.0117168   0.0015880   0.0067193
   0.0501187   2.3335800   0.0120601   0.0018794   0.0065491
   0.0501187   2.3775100   0.0124035   0.0021636   0.0063921
   0.0501187   2.4214400   0.0127469   0.0024412   0.0062474
   0.0501187   2.4653700   0.0130902   0.0027127   0.0061139
   0.0501187   2.5093000   0.0134336   0.0029785   0.0059909
   0.0501187   2.5532300   0.0137769   0.0032392   0.0058776
   0.0501187   2.5971600   0.0141203   0.0034951   0.0057733
   0.0501187   2.6410900   0.0144636   0.0037466   0.0056773
   0.0501187   2.6850200   0.0148070   0.0039940   0.0055891
   0.0501187   2.7289500   0.0151504   0.0042377   0.0055082
   0.0501187   2.7728800   0.0154937   0.0044781   0.0054341
   0.0501187   2.8168100   0.0158371   0.0047153   0.0053662
   0.0501187   2.8607400   0.0161804   0.0049496   0.0053044
   0.0501187   2.9046700   0.0165238   0.0051814   0.0052481
   0.0501187   2.9486000   0.0168671   0.0054108   0.0051970
   0.0501187   2.9925300   0.0172105   0.0056381   0.0051508
   0.0501187   3.0364600   0.0175539   0.0058634   0.0051092
   0.0501187   3.0803900   0.0178972   0.0060870   0.0050720
   0.0501187   3.1243200   0.0182406   0.0063091   0.0050389
   0.0501187   3.1682500   0.0185839   0.0065298   0.0050096
   0.0501187   3.2121800   0.0189273   0.0067493   0.0049840
   0.0501187   3.2561100   0.0192706   0.0069677   0.0049618
   0.0501187   3.3000400   0.0196140   0.0071853   0.0049428
   0.0501187   3.3439700   0.0199574   0.0074021   0.0049270
   0.0501187   3.3879000   0.0203007   0.0076182   0.0049140
   0.0501187   3.4318300   0.0206441   0.0078339   0.0049038
   0.0501187   3.4757600   0.0209874   0.0080491   0.0048962
   0.0501187   3.5196900   0.0213308   0.0082641   0.0048911
   0.0501187   3.5636200   0.0216741   0.0084789   0.0048883
   0.0501187   3.6075500   0.0220175   0.0086936   0.0048878
   0.0501187   3.6514800   0.0223608   0.0089083   0.0048894
   0.0501187   3.6954100   0.0227042   0.0091232   0.0048930
   0.0501187   3.7393400   0.0230476   0.0093383   0.0048986
   0.0501187   3.7832700   0.0233909   0.0095536   0.0049059
   0.0501187   3.8272000   0.0237343   0.0097693   0.0049150
   0.0501187   3.8711300   0.0240776   0.0099855   0.0049258
   0.0501187   3.9150600   0.0244210   0.0102021   0.0049381
   0.0501187   3.9589900   0.0247643   0.0104194   0.0049519
   0.0501187   4.0029200   0.0251077   0.0106372   0.0049672
   0.0501187   4.0468500   0.0254511   0.0108558   0.0049838
   0.0501187   4.0907800   0.0257944   0.0110751   0.0050018
   0.0501187   4.1347100   0.0261378   0.0112953   0.0050210
   0.0501187   4.1786400   0.0264811   0.0115163   0.0050414
   0.0501187   4.2225700   0.0268245   0.0117382   0.0050629
   0.0501187   4.2665000   0.0271678   0.0119611   0.0050855
   0.0501187   4.3104300   0.0275112   0.0121851   0.0051092
   0.0501187   4.3543600   0.0278546   0.0124100   0.0051338
   0.0501187   4.3982900   0.0281979   0.0126361   0.0051594
   0.0501187   4.4422200   0.0285413   0.0128634   0.0051859
   0.0501187   4.4861500   0.0288846   0.0130918   0.0052133
   0.0501187   4.5300800   0.0292280   0.0133214   0.0052416
   0.0501187   4.5740100   0.0295713   0.0135523   0.0052706
   0.0501187   4.6179400   0.0299147   0.0137845   0.0053004
   0.0501187   4.6618700   0.0302581   0.0140180   0.0053310
   0.0501187   4.7058000   0.0306014   0.0142529   0.0053622
   0.0501187   4.7497300   0.0309448   0.0144892   0.0053942
   0.0501187   4.7936600   0.0312881   0.0147268   0.0054268
   0.0501187   4.8375900   0.0316315   0.0149660   0.0054600
   0.0501187   4.8815200   0.0319748   0.0152066   0.0054938
   0.0501187   4.9254500   0.0323182   0.0154487   0.0055282
   0.0501187   4.9693800   0.0326616   0.0156923   0.0055632
   0.0501187   5.0133100   0.0330049   0.0159374   0.0055987
   0.0501187   5.0572400   0.0333483   0.0161842   0.0056347
   0.0501187   5.1011700   0.0336916   0.0164325   0.0056712
   0.0501187   5.1451000   0.0340350   0.0166825   0.0057081
   0.0501187   5.1890300   0.0343783   0.0169340   0.0057456
   0.0501187   5.2329600   0.0347217   0.0171873   0.0057835
   0.0501187   5.2768900   0.0350651   0.0174422   0.0058218
   0.0501187   5.3208200   0.0354084   0.0176988   0.0058605
   0.0501187   5.3647500   0.0357518   0.0179571   0.0058996
   0.0501187   5.4086800   0.0360951   0.0182171   0.0059390
   0.0501187   5.4526100   0.0364385   0.0184789   0.0059789
   0.0501187   5.4965400   0.0367818   0.0187424   0.0060191
   0.0501187   5.5404700   0.0371252   0.0190077   0.0060596
   0.0501187   5.5844000   0.0374686   0.0192748   0.0061005
   0.0501187   5.6283300   0.0378119   0.0195437   0.0061417
   0.0501187   5.6722600   0.0381553   0.0198144   0.0061831
   0.0501187   5.7161900   0.0384986   0.0200870   0.0062249
   0.0501187   5.7601200   0.0388420   0.0203614   0.0062670
   0.0501187   5.8040500   0.0391853   0.0206376   0.0063093
   0.0501187   5.8479800   0.0395287   0.0209157   0.0063519
   0.0501187   5.8919100   0.0398721   0.0211957   0.0063948
   0.0501187   5.9358400   0.0402154   0.0214776   0.0064379
   0.0501187   5.9797700   0.0405588   0.0217613   0.0064812
   0.0501187   6.0237000   0.0409021   0.0220470   0.0065248
   0.0501187   6.0676300   0.0412455   0.0223346   0.0065686
   0.0501187   6.1115600   0.0415888   0.0226241   0.0066126
   0.0501187   6.1554900   0.0419322   0.0229156   0.0066568
   0.0501187   6.1994200   0.0422756   0.0232090   0.0067012
   0.0501187   6.2433500   0.0426189   0.0235043   0.0067458
   0.0501187   6.2872800   0.0429623   0.0238017   0.0067906
   0.0501187   6.3312100   0.0433056   0.0241010   0.0068356
   0.0501187   6.3751400   0.0436490   0.0244022   0.0068807
   0.0501187   6.4190700   0.0439923   0.0247055   0.0069261
   0.0501187   6.4630000   0.0443357   0.0250108   0.0069716
   0.0501187   6.5069300   0.0446790   0.0253180   0.0070172
   0.0501187   6.5508600   0.0450224   0.0256273   0.0070630
   0.0501187   6.5947900   0.0453658   0.0259386   0.0071090
   0.0501187   6.6387200   0.0457091   0.0262519   0.0071551
   0.0501187   6.6826500   0.0460525   0.0265672   0.0072013
   0.0501187   6.7265800   0.0463958   0.0268846   0.0072477
   0.0501187   6.7705100   0.0467392   0.0272040   0.0072942
   0.0501187   6.8144400   0.0470825   0.0275255   0.0073409
   0.0501187   6.8583700   0.0474259   0.0278490   0.0073876
   0.0501187   6.9023000   0.0477693   0.0281746   0.0074345
   0.0501187   6.9462300   0.0481126   0.0285022   0.0074815
   0.0501187   6.9901600   0.0484560   0.0288319   0.0075286
   0.0501187   7.0340900   0.0487993   0.0291637   0.0075759
   0.0501187   7.0780200   0.0491427   0.0294975   0.0076232
   0.0501187   7.1219500   0.0494860   0.0298334   0.0076706
   0.0501187   7.1658800   0.0498294   0.0301715   0.0077182
   0.0501187   7.2098100   0.0501728   0.0305116   0.0077658
   0.0501187   7.2537400   0.0505161   0.0308538   0.0078135
   0.0501187   7.2976700   0.0508595   0.0311981   0.0078614
   0.0501187   7.3416000   0.0512028   0.0315445   0.0079093
   0.0501187   7.3855300   0.0515462   0.0318930   0.0079573
   0.0501187   7.4294600   0.0518895   0.0322436   0.0080054
   0.0501187   7.4733900   0.0522329   0.0325963   0.0080535
   0.0501187   7.5173200   0.0525763   0.0329512   0.0081018
   0.0501187   7.5612500   0.0529196   0.0333081   0.0081501
   0.0501187   7.6051800   0.0532630   0.0336672   0.0081985
   0.0501187   7.6491100   0.0536063   0.0340285   0.0082470
   0.0501187   7.6930400   0.0539497   0.0343918   0.0082955
   0.0501187   7.7369700   0.0542930   0.0347573   0.0083441
   0.0501187   7.7809000   0.0546364   0.0351249   0.0083928
   0.0501187   7.8248300   0.0549798   0.0354947   0.0084415
   0.0501187   7.8687600   0.0553231   0.0358666   0.0084904
   0.0501187   7.9126900   0.0556665   0.0362407   0.0085392
   0.0501187   7.9566200   0.0560098   0.0366169   0.0085882
   0.0501187   8.0005500   0.0563532   0.0369952   0.0086371
   0.0501187   8.0444800   0.0566965   0.0373757   0.0086862
   0.0501187   8.0884100   0.0570399   0.0377584   0.0087353
   0.0501187   8.1323400   0.0573833   0.0381432   0.0087845
   0.0501187   8.1762700   0.0577266   0.0385302   0.0088337
   0.0501187   8.2202000   0.0580700   0.0389193   0.0088829
   0.0501187   8.2641300   0.0584133   0.0393106   0.0089322
   0.0501187   8.3080600   0.0587567   0.0397041   0.0089816
   0.0501187   8.3519900   0.0591000   0.0400998   0.0090310
   0.0501187   8.3959200   0.0594434   0.0404976   0.0090805
   0.0501187   8.4398500   0.0597868   0.0408976   0.0091300
   0.0501187   8.4837800   0.0601301   0.0412997   0.0091795
   0.0501187   8.5277100   0.0604735   0.0417041   0.0092291
   0.0501187   8.5716400   0.0608168   0.0421106   0.0092787
   0.0501187   8.6155700   0.0611602   0.0425193   0.0093284
   0.0501187   8.6595000   0.0615035   0.0429302   0.0093781
   0.0501187   8.7034300   0.0618469   0.0433433   0.0094278
   0.0501187   8.7473600   0.0621903   0.0437585   0.0094776
   0.0501187   8.7912900   0.0625336   0.0441760   0.0095274
   0.0501187   8.8352200   0.0628770   0.0445956   0.0095773
   0.0501187   8.8791500   0.0632203   0.0450174   0.0096272
   0.0501187   8.9230800   0.0635637   0.0454415   0.0096771
   0.0501187   8.9670100   0.0639070   0.0458677   0.0097271
   0.0501187   9.0109400   0.0642504   0.0462961   0.0097771
   0.0501187   9.0548700   0.0645938   0.0467267   0.0098271
   0.0501187   9.0988000   0.0649371   0.0471595   0.0098771
   0.0501187   9.1427300   0.0652805   0.0475945   0.0099272
   0.0501187   9.1866600   0.0656238   0.0480317   0.0099773
   0.0501187   9.2305900   0.0659672   0.0484711   0.0100275
   0.0501187   9.2745200   0.0663105   0.0489127   0.0100776
   0.0501187   9.3184500   0.0666539   0.0493565   0.0101278
   0.0501187   9.3623800   0.0669973   0.0498025   0.0101781
   0.0501187   9.4063100   0.0673406   0.0502508   0.0102283
   0.0501187   9.4502400   0.0676840   0.0507012   0.0102786
   0.0501187   9.4941700   0.0680273   0.0511539   0.0103289
   0.0501187   9.5381000   0.0683707   0.0516087   0.0103792
   0.0501187   9.5820300   0.0687140   0.0520658   0.0104296
   0.0501187   9.6259600   0.0690574   0.0525250   0.0104799
   0.0501187   9.6698900   0.0694007   0.0529865   0.0105303
   0.0501187   9.7138200   0.0697441   0.0534502   0.0105808
   0.0501187   9.7577500   0.0700875   0.0539162   0.0106312
   0.0501187   9.8016800   0.0704308   0.0543843   0.0106816
   0.0501187   9.8456100   0.0707742   0.0548547   0.0107321
   0.0501187   9.8895400   0.0711175   0.0553272   0.0107826
   0.0501187   9.9334700   0.0714609   0.0558020   0.0108331
   0.0501187   9.9774000   0.0718042   0.0562790   0.0108837
   0.0501187  10.0213300   0.0721476   0.0567583   0.0109342
   0.0501187  10.0652600   0.0724910   0.0572397   0.0109848
   0.0501187  10.1091900   0.0728343   0.0577234   0.0110354
   0.0501187  10.1531200   0.0732788   0.0582091   0.0110690
   0.0501187  10.1970500   0.0738835   0.0586956   0.0110809
   0.0501187  10.2409800   0.0744882   0.0591827   0.0110939
   0.0501187  10.2849100   0.0750929   0.0596704   0.0111078
   0.0501187  10.3288400   0.0756976   0.0601586   0.0111227
   0.0501187  10.3727700   0.0763023   0.0606476   0.0111385
   0.0501187  10.4167000   0.0769070   0.0611373   0.0111553
   0.0501187  10.4606300   0.0775117   0.0616277   0.0111729
   0.0501187  10.5045600   0.0781164   0.0621190   0.0111915
   0.0501187  10.5484900   0.0787211   0.0626110   0.0112108
   0.0501187  10.5924200   0.0793259   0.0631040   0.0112310
   0.0501187  10.6363500   0.0799306   0.0635978   0.0112520
   0.0501187  10.6802800   0.0805353   0.0640926   0.0112738
   0.0501187  10.7242100   0.0811400   0.0645883   0.0112964
   0.0501187  10.7681400   0.0817447   0.0650851   0.0113197
   0.0501187  10.8120700   0.0823494   0.0655829   0.0113438
   0.0501187  10.8560000   0.0829541   0.0660817   0.0113685
   0.0501187  10.8999300   0.0835588   0.0665817   0.0113940
   0.0501187  10.9438600   0.0841635   0.0670828   0.0114202
   0.0501187  10.9877900   0.0847682   0.0675851   0.0114470
   0.0501187  11.0317200   0.0853729   0.0680886   0.0114745
   0.0501187  11.0756500   0.0859776   0.0685933   0.0115027
   0.0501187  11.1195800   0.0865824   0.0690992   0.0115315
   0.0501187  11.1635100   0.0871871   0.0696064   0.0115609
   0.0501187  11.2074400   0.0877918   0.0701150   0.0115908
   0.0501187  11.2513700   0.0883965   0.0706248   0.0116214
   0.0501187  11.2953000   0.0890012   0.0711360   0.0116526
   0.0501187  11.3392300   0.0896059   0.0716486   0.0116843
   0.0501187  11.3831600   0.0902106   0.0721626   0.0117166
   0.0501187  11.4270900   0.0908153   0.0726781   0.0117494
   0.0501187  11.4710200   0.0914200   0.0731949   0.0117827
   0.0501187  11.5149500   0.0920247   0.0737133   0.0118166
   0.0501187  11.5588800   0.0926294   0.0742331   0.0118509
   0.0501187  11.6028100   0.0932341   0.0747545   0.0118858
   0.0501187  11.6467400   0.0938389   0.0752774   0.0119211
   0.0501187  11.6906700   0.0944436   0.0758019   0.0119569
   0.0501187  11.7346000   0.0950483   0.0763280   0.0119932
   0.0501187  11.7785300   0.0956530   0.0768556   0.0120300
   0.0501187  11.8224600   0.0962577   0.0773849   0.0120671
   0.0501187  11.8663900   0.0968624   0.0779159   0.0121048
   0.0501187  11.9103200   0.0974671   0.0784485   0.0121428
   0.0501187  11.9542500   0.0980718   0.0789827   0.0121813
   0.0501187  11.9981800   0.0986765   0.0795187   0.0122201
   0.0501187  12.0421100   0.0992812   0.0800564   0.0122594
   0.0501187  12.0860400   0.0998859   0.0805958   0.0122991
   0.0501187  12.1299700   0.1004907   0.0811370   0.0123391
   0.0501187  12.1739000   0.1010954   0.0816800   0.0123795
   0.0501187  12.2178300   0.1017001   0.0822247   0.0124203
   0.0501187  12.2617600   0.1023048   0.0827712   0.0124615
   0.0501187  12.3056900   0.1029095   0.0833196   0.0125030
   0.0501187  12.3496200   0.1035142   0.0838697   0.0125449
   0.0501187  12.3935500   0.1041189   0.0844218   0.0125871
   0.0501187  12.4374800   0.1047236   0.0849756   0.0126297
   0.0501187  12.4814100   0.1053283   0.0855314   0.0126725
   0.0501187  12.5253400   0.1059330   0.0860891   0.0127157
   0.0501187  12.5692700   0.1065377   0.0866486   0.0127593
   0.0501187  12.6132000   0.1071424   0.0872101   0.0128031
   0.0501187  12.6571300   0.1077472   0.0877735   0.0128472
   0.0501187  12.7010600   0.1083519   0.0883389   0.0128916
   0.0501187  12.7449900   0.1089566   0.0889062   0.0129364
   0.0501187  12.7889200   0.1095613   0.0894754   0.0129814
   0.0501187  12.8328500   0.1101660   0.0900467   0.0130266
   0.0501187  12.8767800   0.1107707   0.0906200   0.0130722
   0.0501187  12.9207100   0.1113754   0.0911952   0.0131181
   0.0501187  12.9646400   0.1119801   0.0917725   0.0131642
   0.0501187  13.0085700   0.1125848   0.0923518   0.0132105
   0.0501187  13.0525000   0.1131895   0.0929332   0.0132571
   0.0501187  13.0964300   0.1137942   0.0935166   0.0133040
   0.0501187  13.1403600   0.1143990   0.0941021   0.0133511
   0.0501187  13.1842900   0.1150037   0.0946897   0.0133985
   0.0501187  13.2282200   0.1156084   0.0952793   0.0134461
   0.0501187  13.2721500   0.1162131   0.0958710   0.0134939
   0.0501187  13.3160800   0.1168178   0.0964649   0.0135420
   0.0501187  13.3600100   0.1174225   0.0970608   0.0135903
   0.0501187  13.4039400   0.1180272   0.0976589   0.0136388
   0.0501187  13.4478700   0.1186319   0.0982591   0.0136875
   0.0501187  13.4918000   0.1192366   0.0988615   0.0137364
   0.0501187  13.5357300   0.1198413   0.0994660   0.0137856
   0.0501187  13.5796600   0.1204460   0.1000727   0.0138349
   0.0501187  13.6235900   0.1210507   0.1006816   0.0138845
   0.0501187  13.6675200   0.1216555   0.1012926   0.0139342
   0.0501187  13.7114500   0.1222602   0.1019058   0.0139841
   0.0501187  13.7553800   0.1228649   0.1025212   0.0140343
   0.0501187  13.7993100   0.1234696   0.1031389   0.0140846
   0.0501187  13.8432400   0.1240743   0.1037587   0.0141351
   0.0501187  13.8871700   0.1246790   0.1043808   0.0141858
   0.0501187  13.9311000   0.1252837   0.1050051   0.0142367
   0.0501187  13.9750300   0.1258884   0.1056316   0.0142877
   0.0501187  14.0189600   0.1264931   0.1062604   0.0143389
   0.0501187  14.0628900   0.1270978   0.1068914   0.0143903
   0.0501187  14.1068200   0.1277026   0.1075247   0.0144418
   0.0501187  14.1507500   0.1283073   0.1081603   0.0144935
   0.0501187  14.1946800   0.1289120   0.1087981   0.0145454
   0.0501187  14.2386100   0.1295167   0.1094383   0.0145974
   0.0501187  14.2825400   0.1301214   0.1100807   0.0146496
   0.0501187  14.3264700   0.1307261   0.1107254   0.0147019
   0.0501187  14.3704000   0.1313308   0.1113724   0.0147544
   0.0501187  14.4143300   0.1319355   0.1120217   0.0148070
   0.0501187  14.4582600   0.1325402   0.1126733   0.0148598
   0.0501187  14.5021900   0.1331449   0.1133273   0.0149127
   0.0501187  14.5461200   0.1337496   0.1139836   0.0149657
   0.0501187  14.5900500   0.1343544   0.1146422   0.0150189
   0.0501187  14.6339800   0.1349591   0.1153031   0.0150722
   0.0501187  14.6779100   0.1355638   0.1159664   0.0151257
   0.0501187  14.7218400   0.1361685   0.1166321   0.0151792
   0.0501187  14.7657700   0.1367732   0.1173001   0.0152329
   0.0501187  14.8097000   0.1373779   0.1179704   0.0152868
   0.0501187  14.8536300   0.1379826   0.1186432   0.0153407
   0.0501187  14.8975600   0.1385873   0.1193183   0.0153948
   0.0501187  14.9414900   0.1391920   0.1199957   0.0154490
   0.0501187  14.9854200   0.1397967   0.1206756   0.0155033
   0.0501187  15.0293500   0.1404014   0.1213579   0.0155577
   0.0501187  15.0732800   0.1410062   0.1220425   0.0156123
   0.0501187  15.1172100   0.1416109   0.1227296   0.0156669
   0.0501187  15.1611400   0.1422156   0.1234190   0.0157217
   0.0501187  15.2050700   0.1428203   0.1241109   0.0157765
   0.0501187  15.2490000   0.1434250   0.1248051   0.0158315
   0.0501187  15.2929300   0.1440297   0.1255018   0.0158866
   0.0501187  15.3368600   0.1446344   0.1262009   0.0159417
   0.0501187  15.3807900   0.1452391   0.1269025   0.0159970
   0.0501187  15.4247200   0.1458438   0.1276064   0.0160524
   0.0501187  15.4686500   0.1464485   0.1283128   0.0161079
   0.0501187  15.5125800   0.1470533   0.1290217   0.0161634
   0.0501187  15.5565100   0.1476580   0.1297330   0.0162191
   0.0501187  15.6004400   0.1482627   0.1304467   0.0162748
   0.0501187  15.6443700   0.1488674   0.1311629   0.0163307
   0.0501187  15.6883000   0.1494721   0.1318815   0.0163866
   0.0501187  15.7322300   0.1500768   0.1326026   0.0164426
   0.0501187  15.7761600   0.1506815   0.1333261   0.0164988
   0.0501187  15.8200900   0.1512862   0.1340522   0.0165549
   0.0501187  15.8640200   0.1518909   0.1347807   0.0166112
   0.0501187  15.9079500   0.1524956   0.1355116   0.0166676
   0.0501187  15.9518800   0.1531004   0.1362451   0.0167240
   0.0501187  15.9958100   0.1537051   0.1369810   0.0167805
   0.0501187  16.0397400   0.1543098   0.1377194   0.0168371
   0.0501187  16.0836700   0.1549145   0.1384603   0.0168938
   0.0501187  16.1276000   0.1555192   0.1392037   0.0169506
   0.0501187  16.1715300   0.1561239   0.1399496   0.0170074
   0.0501187  16.2154600   0.1567286   0.1406980   0.0170643
   0.0501187  16.2593900   0.1573333   0.1414489   0.0171212
   0.0501187  16.3033200   0.1579380   0.1422023   0.0171783
   0.0501187  16.3472500   0.1585428   0.1429582   0.0172354
   0.0501187  16.3911800   0.1591475   0.1437166   0.0172926
   0.0501187  16.4351100   0.1597522   0.1444775   0.0173498
   0.0501187  16.4790400   0.1603569   0.1452409   0.0174071
   0.0501187  16.5229700   0.1609616   0.1460069   0.0174645
   0.0501187  16.5669000   0.1615663   0.1467753   0.0175219
   0.0501187  16.6108300   0.1621710   0.1475463   0.0175794
   0.0501187  16.6547600   0.1627757   0.1483199   0.0176370
   0.0501187  16.6986900   0.1633804   0.1490959   0.0176946
   0.0501187  16.7426200   0.1639852   0.1498745   0.0177523
   0.0501187  16.7865500   0.1645899   0.1506557   0.0178101
   0.0501187  16.8304800   0.1651946   0.1514393   0.0178679
   0.0501187  16.8744100   0.1657993   0.1522255   0.0179257
   0.0501187  16.9183400   0.1664040   0.1530143   0.0179836
   0.0501187  16.9622700   0.1670087   0.1538056   0.0180416
   0.0501187  17.0062000   0.1676134   0.1545994   0.0180996
   0.0501187  17.0501300   0.1682181   0.1553958   0.0181577
   0.0501187  17.0940600   0.1688229   0.1561948   0.0182158
   0.0501187  17.1379900   0.1694276   0.1569963   0.0182740
   0.0501187  17.1819200   0.1700323   0.1578003   0.0183323
   0.0501187  17.2258500   0.1706370   0.1586069   0.0183905
   0.0501187  17.2697800   0.1712417   0.1594161   0.0184489
   0.0501187  17.3137100   0.1718464   0.1602278   0.0185072
   0.0501187  17.3576400   0.1724511   0.1610421   0.0185657
   0.0501187  17.4015700   0.1730558   0.1618590   0.0186241
   0.0501187  17.4455000   0.1736606   0.1626785   0.0186827
   0.0501187  17.4894300   0.1742653   0.1635005   0.0187412
   0.0501187  17.5333600   0.1748700   0.1643251   0.0187998
   0.0501187  17.5772900   0.1754747   0.1651522   0.0188585
   0.0501187  17.6212200   0.1760794   0.1659820   0.0189172
   0.0501187  17.6651500   0.1766841   0.1668143   0.0189759
   0.0501187  17.7090800   0.1772888   0.1676492   0.0190347
   0.0501187  17.7530100   0.1778936   0.1684867   0.0190935
   0.0501187  17.7969400   0.1784983   0.1693268   0.0191524
   0.0501187  17.8408700   0.1791030   0.1701694   0.0192113
   0.0501187  17.8848000   0.1797077   0.1710147   0.0192702
   0.0501187  17.9287300   0.1803124   0.1718625   0.0193292
   0.0501187  17.9726600   0.1809171   0.1727129   0.0193882
   0.0501187  18.0165900   0.1815219   0.1735659   0.0194472
   0.0501187  18.0605200   0.1821266   0.1744216   0.0195063
   0.0501187  18.1044500   0.1828462   0.1752796   0.0195519
   0.0501187  18.1483800   0.1837176   0.1761392   0.0195829
   0.0501187  18.1923100   0.1845891   0.1770002   0.0196144
   0.0501187  18.2362400   0.1854605   0.1778625   0.0196464
   0.0501187  18.2801700   0.1863320   0.1787263   0.0196788
   0.0501187  18.3241000   0.1872035   0.1795915   0.0197118
   0.0501187  18.3680300   0.1880749   0.1804582   0.0197451
   0.0501187  18.4119600   0.1889464   0.1813263   0.0197790
   0.0501187  18.4558900   0.1898178   0.1821960   0.0198132
   0.0501187  18.4998200   0.1906893   0.1830671   0.0198480
   0.0501187  18.5437500   0.1915607   0.1839398   0.0198831
   0.0501187  18.5876800   0.1924322   0.1848141   0.0199187
   0.0501187  18.6316100   0.1933037   0.1856899   0.0199547
   0.0501187  18.6755400   0.1941751   0.1865673   0.0199910
   0.0501187  18.7194700   0.1950466   0.1874463   0.0200279
   0.0501187  18.7634000   0.1959180   0.1883270   0.0200651
   0.0501187  18.8073300   0.1967895   0.1892092   0.0201027
   0.0501187  18.8512600   0.1976610   0.1900932   0.0201406
   0.0501187  18.8951900   0.1985324   0.1909788   0.0201790
   0.0501187  18.9391200   0.1994039   0.1918661   0.0202177
   0.0501187  18.9830500   0.2002753   0.1927551   0.0202569
   0.0501187  19.0269800   0.2011468   0.1936459   0.0202963
   0.0501187  19.0709100   0.2020183   0.1945384   0.0203362
   0.0501187  19.1148400   0.2028897   0.1954326   0.0203764
   0.0501187  19.1587700   0.2037612   0.1963287   0.0204169
   0.0501187  19.2027000   0.2046327   0.1972265   0.0204578
   0.0501187  19.2466300   0.2055041   0.1981261   0.0204990
   0.0501187  19.2905600   0.2063756   0.1990275   0.0205406
   0.0501187  19.3344900   0.2072470   0.1999308   0.0205825
   0.0501187  19.3784200   0.2081185   0.2008359   0.0206247
   0.0501187  19.4223500   0.2089900   0.2017429   0.0206673
   0.0501187  19.4662800   0.2098614   0.2026517   0.0207101
   0.0501187  19.5102100   0.2107329   0.2035625   0.0207533
   0.0501187  19.5541400   0.2116044   0.2044751   0.0207968
   0.0501187  19.5980700   0.2124758   0.2053897   0.0208406
   0.0501187  19.6420000   0.2133473   0.2063062   0.0208846
   0.0501187  19.6859300   0.2142188   0.2072246   0.0209290
   0.0501187  19.7298600   0.2150902   0.2081450   0.0209737
   0.0501187  19.7737900   0.2159617   0.2090674   0.0210186
   0.0501187  19.8177200   0.2168332   0.2099917   0.0210639
   0.0501187  19.8616500   0.2177046   0.2109180   0.0211094
   0.0501187  19.9055800   0.2185761   0.2118464   0.0211551
   0.0501187  19.9495100   0.2194476   0.2127767   0.0212012
   0.0501187  19.9934400   0.2203190   0.2137091   0.0212475
   0.0501187  20.0373700   0.2211905   0.2146435   0.0212941
   0.0501187  20.0813000   0.2220620   0.2155800   0.0213409
   0.0501187  20.1252300   0.2229334   0.2165186   0.0213880
   0.0501187  20.1691600   0.2238049   0.2174592   0.0214354
   0.0501187  20.2130900   0.2246764   0.2184019   0.0214830
   0.0501187  20.2570200   0.2255478   0.2193467   0.0215308
   0.0501187  20.3009500   0.2264193   0.2202936   0.0215789
   0.0501187  20.3448800   0.2272908   0.2212426   0.0216272
   0.0501187  20.3888100   0.2281622   0.2221938   0.0216758
   0.0501187  20.4327400   0.2290337   0.2231470   0.0217246
   0.0501187  20.4766700   0.2299052   0.2241025   0.0217736
   0.0501187  20.5206000   0.2307766   0.2250601   0.0218228
   0.0501187  20.5645300   0.2316481   0.2260198   0.0218723
   0.0501187  20.6084600   0.2325196   0.2269818   0.0219220
   0.0501187  20.6523900   0.2333911   0.2279459   0.0219719
   0.0501187  20.6963200   0.2342625   0.2289122   0.0220220
   0.0501187  20.7402500   0.2351340   0.2298808   0.0220723
   0.0501187  20.7841800   0.2360055   0.2308515   0.0221228
   0.0501187  20.8281100   0.2368769   0.2318245   0.0221735
   0.0501187  20.8720400   0.2377484   0.2327997   0.0222245
   0.0501187  20.9159700   0.2386199   0.2337771   0.0222756
   0.0501187  20.9599000   0.2394914   0.2347568   0.0223269
   0.0501187  21.0038300   0.2403628   0.2357388   0.0223784
   0.0501187  21.0477600   0.2412343   0.2367230   0.0224301
   0.0501187  21.0916900   0.2421058   0.2377095   0.0224820
   0.0501187  21.1356200   0.2429772   0.2386982   0.0225341
   0.0501187  21.1795500   0.2438487   0.2396893   0.0225863
   0.0501187  21.2234800   0.2447202   0.2406827   0.0226388
   0.0501187  21.2674100   0.2455917   0.2416784   0.0226914
   0.0501187  21.3113400   0.2464631   0.2426764   0.0227442
   0.0501187  21.3552700   0.2473346   0.2436767   0.0227971
   0.0501187  21.3992000   0.2482061   0.2446793   0.0228503
   0.0501187  21.4431300   0.2490776   0.2456843   0.0229036
   0.0501187  21.4870600   0.2499490   0.2466916   0.0229570
   0.0501187  21.5309900   0.2508205   0.2477013   0.0230106
   0.0501187  21.5749200   0.2516920   0.2487133   0.0230644
   0.0501187  21.6188500   0.2525635   0.2497277   0.0231184
   0.0501187  21.6627800   0.2534349   0.2507445   0.0231725
   0.0501187  21.7067100   0.2543064   0.2517637   0.0232267
   0.0501187  21.7506400   0.2551779   0.2527852   0.0232811
   0.0501187  21.7945700   0.2560494   0.2538092   0.0233357
   0.0501187  21.8385000   0.2569208   0.2548355   0.0233903
   0.0501187  21.8824300   0.2577923   0.2558642   0.0234452
   0.0501187  21.9263600   0.2586638   0.2568954   0.0235002
   0.0501187  21.9702900   0.2595353   0.2579290   0.0235553
   0.0501187  22.0142200   0.2604068   0.2589650   0.0236106
   0.0501187  22.0581500   0.2612782   0.2600034   0.0236660
   0.0501187  22.1020800   0.2621497   0.2610442   0.0237215
   0.0501187  22.1460100   0.2630212   0.2620876   0.0237772
   0.0501187  22.1899400   0.2638927   0.2631333   0.0238330
   0.0501187  22.2338700   0.2647642   0.2641815   0.0238889
   0.0501187  22.2778000   0.2656356   0.2652322   0.0239449
   0.0501187  22.3217300   0.2665071   0.2662853   0.0240011
   0.0501187  22.3656600   0.2673786   0.2673409   0.0240574
   0.0501187  22.4095900   0.2682501   0.2683990   0.0241139
   0.0501187  22.4535200   0.2691216   0.2694596   0.0241704
   0.0501187  22.4974500   0.2699931   0.2705226   0.0242271
   0.0501187  22.5413800   0.2708645   0.2715882   0.0242838
   0.0501187  22.5853100   0.2717360   0.2726562   0.0243407
   0.0501187  22.6292400   0.2726075   0.2737267   0.0243977
   0.0501187  22.6731700   0.2734790   0.2747998   0.0244549
   0.0501187  22.7171000   0.2743505   0.2758754   0.0245121
   0.0501187  22.7610300   0.2752220   0.2769534   0.0245694
   0.0501187  22.8049600   0.2760934   0.2780340   0.0246269
   0.0501187  22.8488900   0.2769649   0.2791171   0.0246844
   0.0501187  22.8928200   0.2778364   0.2802028   0.0247421
   0.0501187  22.9367500   0.2787079   0.2812910   0.0247998
   0.0501187  22.9806800   0.2795794   0.2823817   0.0248577
   0.0501187  23.0246100   0.2804509   0.2834750   0.0249156
   0.0501187  23.0685400   0.2813224   0.2845708   0.0249737
   0.0501187  23.1124700   0.2821939   0.2856692   0.0250318
   0.0501187  23.1564000   0.2830653   0.2867701   0.0250900
   0.0501187  23.2003300   0.2839368   0.2878736   0.0251484
   0.0501187  23.2442600   0.2848083   0.2889796   0.0252068
   0.0501187  23.2881900   0.2856798   0.2900883   0.0252653
   0.0501187  23.3321200   0.2865513   0.2911994   0.0253239
   0.0501187  23.3760500   0.2874228   0.2923132   0.0253826
   0.0501187  23.4199800   0.2882943   0.2934296   0.0254414
   0.0501187  23.4639100   0.2891658   0.2945485   0.0255002
   0.0501187  23.5078400   0.2900373   0.2956700   0.0255592
   0.0501187  23.5517700   0.2909088   0.2967941   0.0256182
   0.0501187  23.5957000   0.2917803   0.2979208   0.0256773
   0.0501187  23.6396300   0.2926518   0.2990501   0.0257365
   0.0501187  23.6835600   0.2935233   0.3001820   0.0257957
   0.0501187  23.7274900   0.2943948   0.3013165   0.0258550
   0.0501187  23.7714200   0.2952663   0.3024537   0.0259145
   0.0501187  23.8153500   0.2961378   0.3035934   0.0259739
   0.0501187  23.8592800   0.2970093   0.3047357   0.0260335
   0.0501187  23.9032100   0.2978808   0.3058807   0.0260931
   0.0501187  23.9471400   0.2987523   0.3070283   0.0261528
   0.0501187  23.9910700   0.2996238   0.3081785   0.0262126
   0.0501187  24.0350000   0.3004953   0.3093313   0.0262724
   0.0501187  24.0789300   0.3013668   0.3104868   0.0263323
   0.0501187  24.1228600   0.3022383   0.3116449   0.0263923
   0.0501187  24.1667900   0.3031098   0.3128056   0.0264523
   0.0501187  24.2107200   0.3039813   0.3139690   0.0265124
   0.0501187  24.2546500   0.3048528   0.3151350   0.0265725
   0.0501187  24.2985800   0.3057243   0.3163036   0.0266327
   0.0501187  24.3425100   0.3065958   0.3174749   0.0266930
   0.0501187  24.3864400   0.3074673   0.3186489   0.0267534
   0.0501187  24.4303700   0.3083389   0.3198255   0.0268137
   0.0501187  24.4743000   0.3092104   0.3210047   0.0268742
   0.0501187  24.5182300   0.3100819   0.3221866   0.0269347
   0.0501187  24.5621600   0.3109534   0.3233712   0.0269952
   0.0501187  24.6060900   0.3118249   0.3245584   0.0270558
   0.0501187  24.6500200   0.3126965   0.3257483   0.0271165
   0.0501187  24.6939500   0.3135680   0.3269409   0.0271772
   0.0501187  24.7378800   0.3144395   0.3281361   0.0272380
   0.0501187  24.7818100   0.3153110   0.3293340   0.0272988
   0.0501187  24.8257400   0.3161826   0.3305346   0.0273596
   0.0501187  24.8696700   0.3170541   0.3317378   0.0274205
   0.0501187  24.9136000   0.3179256   0.3329438   0.0274815
   0.0501187  24.9575300   0.3187972   0.3341524   0.0275425
   0.0501187  25.0014600   0.3196687   0.3353637   0.0276035
   0.0501187  25.0453900   0.3205403   0.3365776   0.0276646
   0.0501187  25.0893200   0.3214118   0.3377943   0.0277257
   0.0501187  25.1332500   0.3222834   0.3390136   0.0277869
   0.0501187  25.1771800   0.3231550   0.3402356   0.0278481
   0.0501187  25.2211100   0.3240266   0.3414603   0.0279093
   0.0501187  25.2650400   0.3248982   0.3426877   0.0279705
   0.0501187  25.3089700   0.3259941   0.3439174   0.0280096
   0.0501187  25.3529000   0.3271571   0.3451487   0.0280463
   0.0501187  25.3968300   0.3283201   0.3463816   0.0280833
   0.0501187  25.4407600   0.3294832   0.3476161   0.0281206
   0.0501187  25.4846900   0.3306462   0.3488522   0.0281583
   0.0501187  25.5286200   0.3318092   0.3500901   0.0281963
   0.0501187  25.5725500   0.3329723   0.3513296   0.0282347
   0.0501187  25.6164800   0.3341353   0.3525708   0.0282734
   0.0501187  25.6604100   0.3352984   0.3538137   0.0283124
   0.0501187  25.7043400   0.3364615   0.3550583   0.0283517
   0.0501187  25.7482700   0.3376245   0.3563047   0.0283913
   0.0501187  25.7922000   0.3387876   0.3575528   0.0284312
   0.0501187  25.8361300   0.3399507   0.3588026   0.0284714
   0.0501187  25.8800600   0.3411138   0.3600543   0.0285119
   0.0501187  25.9239900   0.3422768   0.3613077   0.0285527
   0.0501187  25.9679200   0.3434399   0.3625629   0.0285938
   0.0501187  26.0118500   0.3446030   0.3638199   0.0286352
   0.0501187  26.0557800   0.3457661   0.3650788   0.0286769
   0.0501187  26.0997100   0.3469292   0.3663395   0.0287188
   0.0501187  26.1436400   0.3480923   0.3676020   0.0287610
   0.0501187  26.1875700   0.3492554   0.3688664   0.0288035
   0.0501187  26.2315000   0.3504185   0.3701327   0.0288463
   0.0501187  26.2754300   0.3515816   0.3714009   0.0288893
   0.0501187  26.3193600   0.3527447   0.3726709   0.0289326
   0.0501187  26.3632900   0.3539078   0.3739429   0.0289761
   0.0501187  26.4072200   0.3550709   0.3752168   0.0290199
   0.0501187  26.4511500   0.3562340   0.3764926   0.0290640
   0.0501187  26.4950800   0.3573971   0.3777703   0.0291082
   0.0501187  26.5390100   0.3585602   0.3790501   0.0291528
   0.0501187  26.5829400   0.3597234   0.3803317   0.0291975
   0.0501187  26.6268700   0.3608865   0.3816154   0.0292426
   0.0501187  26.6708000   0.3620496   0.3829010   0.0292878
   0.0501187  26.7147300   0.3632127   0.3841886   0.0293333
   0.0501187  26.7586600   0.3643758   0.3854782   0.0293790
   0.0501187  26.8025900   0.3655390   0.3867698   0.0294249
   0.0501187  26.8465200   0.3667021   0.3880635   0.0294710
   0.0501187  26.8904500   0.3678652   0.3893591   0.0295174
   0.0501187  26.9343800   0.3690284   0.3906569   0.0295640
   0.0501187  26.9783100   0.3701915   0.3919566   0.0296108
   0.0501187  27.0222400   0.3713546   0.3932585   0.0296578
   0.0501187  27.0661700   0.3725178   0.3945624   0.0297050
   0.0501187  27.1101000   0.3736809   0.3958684   0.0297524
   0.0501187  27.1540300   0.3748440   0.3971764   0.0298000
   0.0501187  27.1979600   0.3760072   0.3984866   0.0298478
   0.0501187  27.2418900   0.3771703   0.3997989   0.0298958
   0.0501187  27.2858200   0.3783335   0.4011132   0.0299440
   0.0501187  27.3297500   0.3794966   0.4024297   0.0299924
   0.0501187  27.3736800   0.3806598   0.4037484   0.0300410
   0.0501187  27.4176100   0.3818229   0.4050691   0.0300897
   0.0501187  27.4615400   0.3829861   0.4063921   0.0301387
   0.0501187  27.5054700   0.3841492   0.4077171   0.0301878
   0.0501187  27.5494000   0.3853124   0.4090444   0.0302371
   0.0501187  27.5933300   0.3864755   0.4103738   0.0302866
   0.0501187  27.6372600   0.3876387   0.4117053   0.0303362
   0.0501187  27.6811900   0.3888019   0.4130391   0.0303860
   0.0501187  27.7251200   0.3899650   0.4143751   0.0304360
   0.0501187  27.7690500   0.3911282   0.4157132   0.0304861
   0.0501187  27.8129800   0.3922914   0.4170536   0.0305364
   0.0501187  27.8569100   0.3934545   0.4183961   0.0305869
   0.0501187  27.9008400   0.3946177   0.4197409   0.0306375
   0.0501187  27.9447700   0.3957809   0.4210880   0.0306882
   0.0501187  27.9887000   0.3969441   0.4224372   0.0307391
   0.0501187  28.0326300   0.3981072   0.4237887   0.0307902
   0.0501187  28.0765600   0.3992704   0.4251424   0.0308414
   0.0501187  28.1204900   0.4004336   0.4264984   0.0308928
   0.0501187  28.1644200   0.4015968   0.4278567   0.0309443
   0.0501187  28.2083500   0.4027600   0.4292172   0.0309959
   0.0501187  28.2522800   0.4039232   0.4305800   0.0310477
   0.0501187  28.2962100   0.4050864   0.4319450   0.0310996
   0.0501187  28.3401400   0.4062496   0.4333124   0.0311516
   0.0501187  28.3840700   0.4074128   0.4346820   0.0312038
   0.0501187  28.4280000   0.4085760   0.4360540   0.0312561
   0.0501187  28.4719300   0.4097392   0.4374282   0.0313085
   0.0501187  28.5158600   0.4109024   0.4388047   0.0313611
   0.0501187  28.5597900   0.4120656   0.4401836   0.0314138
   0.0501187  28.6037200   0.4132288   0.4415648   0.0314666
   0.0501187  28.6476500   0.4143920   0.4429482   0.0315195
   0.0501187  28.6915800   0.4155552   0.4443341   0.0315725
   0.0501187  28.7355100   0.4167184   0.4457222   0.0316257
   0.0501187  28.7794400   0.4178816   0.4471127   0.0316789
   0.0501187  28.8233700   0.4190448   0.4485055   0.0317323
   0.0501187  28.8673000   0.4202081   0.4499007   0.0317858
   0.0501187  28.9112300   0.4213713   0.4512982   0.0318393
   0.0501187  28.9551600   0.4225345   0.4526981   0.0318930
   0.0501187  28.9990900   0.4236978   0.4541003   0.0319468
   0.0501187  29.0430200   0.4248610   0.4555049   0.0320007
   0.0501187  29.0869500   0.4260242   0.4569119   0.0320547
   0.0501187  29.1308800   0.4271875   0.4583213   0.0321088
   0.0501187  29.1748100   0.4283507   0.4597330   0.0321630
   0.0501187  29.2187400   0.4295140   0.4611471   0.0322172
   0.0501187  29.2626700   0.4306772   0.4625636   0.0322716
   0.0501187  29.3066000   0.4318405   0.4639825   0.0323260
   0.0501187  29.3505300   0.4330037   0.4654038   0.0323806
   0.0501187  29.3944600   0.4341670   0.4668275   0.0324352
   0.0501187  29.4383900   0.4353302   0.4682535   0.0324899
   0.0501187  29.4823200   0.4364935   0.4696820   0.0325447
   0.0501187  29.5262500   0.4376568   0.4711129   0.0325996
   0.0501187  29.5701800   0.4388201   0.4725462   0.0326545
   0.0501187  29.6141100   0.4399833   0.4739819   0.0327095
   0.0501187  29.6580400   0.4411466   0.4754201   0.0327646
   0.0501187  29.7019700   0.4423099   0.4768606   0.0328198
   0.0501187  29.7459000   0.4434732   0.4783036   0.0328751
   0.0501187  29.7898300   0.4446365   0.4797490   0.0329304
   0.0501187  29.8337600   0.4457998   0.4811969   0.0329858
   0.0501187  29.8776900   0.4469631   0.4826472   0.0330412
   0.0501187  29.9216200   0.4481264   0.4840999   0.0330967
   0.0501187  29.9655500   0.4492897   0.4855551   0.0331523
   0.0501187  30.0094800   0.4504531   0.4870127   0.0332079
   0.0501187  30.0534100   0.4516164   0.4884727   0.0332636
   0.0501187  30.0973400   0.4527797   0.4899352   0.0333194
   0.0501187  30.1412700   0.4539431   0.4914001   0.0333752
   0.0501187  30.1852000   0.4551064   0.4928675   0.0334311
   0.0501187  30.2291300   0.4562698   0.4943374   0.0334870
   0.0501187  30.2730600   0.4574331   0.4958097   0.0335430
   0.0501187  30.3169900   0.4585965   0.4972845   0.0335990
   0.0501187  30.3609200   0.4597599   0.4987617   0.0336551
   0.0501187  30.4048500   0.4609233   0.5002414   0.0337112
   0.0501187  30.4487800   0.4620867   0.5017236   0.0337674
   0.0501187  30.4927100   0.4632501   0.5032082   0.0338236
   0.0501187  30.5366400   0.4644136   0.5046953   0.0338799
   0.0501187  30.5805700   0.4655770   0.5061849   0.0339362
   0.0501187  30.6245000   0.4667405   0.5076770   0.0339925
   0.0501187  30.6684300   0.4679040   0.5091715   0.0340489
   0.0501187  30.7123600   0.4690675   0.5106685   0.0341053
   0.0501187  30.7562900   0.4702310   0.5121680   0.0341617
   0.0501187  30.8002200   0.4713946   0.5136700   0.0342182
   0.0501187  30.8441500   0.4725583   0.5151744   0.0342745
   0.0501187  30.8880800   0.4739337   0.5166810   0.0343103
   0.0501187  30.9320100   0.4754373   0.5181889   0.0343424
   0.0501187  30.9759400   0.4769410   0.5196983   0.0343750
   0.0501187  31.0198700   0.4784447   0.5212091   0.0344078
   0.0501187  31.0638000   0.4799485   0.5227214   0.0344409
   0.0501187  31.1077300   0.4814523   0.5242351   0.0344744
   0.0501187  31.1516600   0.4829561   0.5257503   0.0345081
   0.0501187  31.1955900   0.4844599   0.5272670   0.0345420
   0.0501187  31.2395200   0.4859638   0.5287852   0.0345763
   0.0501187  31.2834500   0.4874677   0.5303048   0.0346109
   0.0501187  31.3273800   0.4889716   0.5318261   0.0346457
   0.0501187  31.3713100   0.4904755   0.5333488   0.0346807
   0.0501187  31.4152400   0.4919794   0.5348731   0.0347161
   0.0501187  31.4591700   0.4934833   0.5363990   0.0347517
   0.0501187  31.5031000   0.4949873   0.5379264   0.0347875
   0.0501187  31.5470300   0.4964912   0.5394554   0.0348236
   0.0501187  31.5909600   0.4979952   0.5409860   0.0348600
   0.0501187  31.6348900   0.4994992   0.5425182   0.0348965
   0.0501187  31.6788200   0.5010031   0.5440520   0.0349334
   0.0501187  31.7227500   0.5025071   0.5455875   0.0349704
   0.0501187  31.7666800   0.5040111   0.5471245   0.0350077
   0.0501187  31.8106100   0.5055152   0.5486632   0.0350453
   0.0501187  31.8545400   0.5070192   0.5502036   0.0350830
   0.0501187  31.8984700   0.5085232   0.5517456   0.0351210
   0.0501187  31.9424000   0.5100273   0.5532893   0.0351592
   0.0501187  31.9863300   0.5115313   0.5548347   0.0351976
   0.0501187  32.0302600   0.5130354   0.5563818   0.0352362
   0.0501187  32.0741900   0.5145394   0.5579306   0.0352750
   0.0501187  32.1181200   0.5160435   0.5594811   0.0353140
   0.0501187  32.1620500   0.5175476   0.5610333   0.0353532
   0.0501187  32.2059800   0.5190517   0.5625872   0.0353926
   0.0501187  32.2499100   0.5205558   0.5641429   0.0354323
   0.0501187  32.2938400   0.5220599   0.5657003   0.0354721
   0.0501187  32.3377700   0.5235640   0.5672594   0.0355120
   0.0501187  32.3817000   0.5250681   0.5688204   0.0355522
   0.0501187  32.4256300   0.5265723   0.5703831   0.0355926
   0.0501187  32.4695600   0.5280764   0.5719475   0.0356331
   0.0501187  32.5134900   0.5295806   0.5735138   0.0356738
   0.0501187  32.5574200   0.5310847   0.5750818   0.0357147
   0.0501187  32.6013500   0.5325889   0.5766517   0.0357558
   0.0501187  32.6452800   0.5340930   0.5782233   0.0357970
   0.0501187  32.6892100   0.5355972   0.5797968   0.0358383
   0.0501187  32.7331400   0.5371014   0.5813721   0.0358799
   0.0501187  32.7770700   0.5386056   0.5829492   0.0359216
   0.0501187  32.8210000   0.5401098   0.5845282   0.0359634
   0.0501187  32.8649300   0.5416140   0.5861090   0.0360054
   0.0501187  32.9088600   0.5431182   0.5876916   0.0360476
   0.0501187  32.9527900   0.5446225   0.5892761   0.0360898
   0.0501187  32.9967200   0.5461267   0.5908625   0.0361323
   0.0501187  33.0406500   0.5476310   0.5924507   0.0361748
   0.0501187  33.0845800   0.5491352   0.5940408   0.0362175
   0.0501187  33.1285100   0.5506395   0.5956328   0.0362604
   0.0501187  33.1724400   0.5521437   0.5972266   0.0363033
   0.0501187  33.2163700   0.5536480   0.5988224   0.0363464
   0.0501187  33.2603000   0.5551523   0.6004200   0.0363897
   0.0501187  33.3042300   0.5566566   0.6020196   0.0364330
   0.0501187  33.3481600   0.5581609   0.6036210   0.0364765
   0.0501187  33.3920900   0.5596652   0.6052244   0.0365200
   0.0501187  33.4360200   0.5611696   0.6068297   0.0365637
   0.0501187  33.4799500   0.5626739   0.6084369   0.0366075
   0.0501187  33.5238800   0.5641783   0.6100460   0.0366514
   0.0501187  33.5678100   0.5656826   0.6116571   0.0366955
   0.0501187  33.6117400   0.5671870   0.6132701   0.0367396
   0.0501187  33.6556700   0.5686914   0.6148850   0.0367838
   0.0501187  33.6996000   0.5701958   0.6165019   0.0368281
   0.0501187  33.7435300   0.5717002   0.6181208   0.0368725
   0.0501187  33.7874600   0.5732046   0.6197415   0.0369171
   0.0501187  33.8313900   0.5747090   0.6213643   0.0369617
   0.0501187  33.8753200   0.5762135   0.6229890   0.0370063
   0.0501187  33.9192500   0.5777179   0.6246157   0.0370511
   0.0501187  33.9631800   0.5792224   0.6262443   0.0370960
   0.0501187  34.0071100   0.5807269   0.6278749   0.0371409
   0.0501187  34.0510400   0.5822314   0.6295075   0.0371859
   0.0501187  34.0949700   0.5837359   0.6311421   0.0372310
   0.0501187  34.1389000   0.5852404   0.6327786   0.0372762
   0.0501187  34.1828300   0.5867450   0.6344172   0.0373214
   0.0501187  34.2267600   0.5882495   0.6360577   0.0373667
   0.0501187  34.2706900   0.5897541   0.6377002   0.0374121
   0.0501187  34.3146200   0.5912587   0.6393447   0.0374576
   0.0501187  34.3585500   0.5927634   0.6409912   0.0375031
   0.0501187  34.4024800   0.5942680   0.6426397   0.0375486
   0.0501187  34.4464100   0.5957727   0.6442903   0.0375942
   0.0501187  34.4903400   0.5972774   0.6459428   0.0376399
   0.0501187  34.5342700   0.5987822   0.6475973   0.0376856
   0.0501187  34.5782000   0.6002870   0.6492538   0.0377314
   0.0501187  34.6221300   0.6017918   0.6509124   0.0377772
   0.0501187  34.6660600   0.6032966   0.6525729   0.0378231
   0.0501187  34.7099900   0.6048016   0.6542355   0.0378690
   0.0501187  34.7539200   0.6063066   0.6559001   0.0379149
   0.0501187  34.7978500   0.6078117   0.6575667   0.0379608
   0.0501187  34.8417800   0.6093169   0.6592353   0.0380068
   0.0501187  34.8857100   0.6108224   0.6609060   0.0380516
   0.0501187  34.9296400   0.6126758   0.6625779   0.0380695
   0.0501187  34.9735700   0.6145810   0.6642508   0.0380910
   0.0501187  35.0175000   0.6164864   0.6659246   0.0381128
   0.0501187  35.0614300   0.6183919   0.6675994   0.0381350
   0.0501187  35.1053600   0.6202975   0.6692752   0.0381575
   0.0501187  35.1492900   0.6222032   0.6709519   0.0381802
   0.0501187  35.1932200   0.6241089   0.6726297   0.0382033
   0.0501187  35.2371500   0.6260146   0.6743085   0.0382266
   0.0501187  35.2810800   0.6279204   0.6759883   0.0382502
   0.0501187  35.3250100   0.6298263   0.6776691   0.0382740
   0.0501187  35.3689400   0.6317321   0.6793510   0.0382982
   0.0501187  35.4128700   0.6336381   0.6810340   0.0383226
   0.0501187  35.4568000   0.6355440   0.6827181   0.0383472
   0.0501187  35.5007300   0.6374500   0.6844032   0.0383721
   0.0501187  35.5446600   0.6393560   0.6860894   0.0383972
   0.0501187  35.5885900   0.6412620   0.6877768   0.0384226
   0.0501187  35.6325200   0.6431681   0.6894653   0.0384482
   0.0501187  35.6764500   0.6450742   0.6911549   0.0384741
   0.0501187  35.7203800   0.6469803   0.6928456   0.0385001
   0.0501187  35.7643100   0.6488864   0.6945375   0.0385264
   0.0501187  35.8082400   0.6507926   0.6962305   0.0385529
   0.0501187  35.8521700   0.6526988   0.6979247   0.0385797
   0.0501187  35.8961000   0.6546050   0.6996201   0.0386066
   0.0501187  35.9400300   0.6565112   0.7013167   0.0386338
   0.0501187  35.9839600   0.6584175   0.7030145   0.0386611
   0.0501187  36.0278900   0.6603238   0.7047135   0.0386887
   0.0501187  36.0718200   0.6622301   0.7064137   0.0387164
   0.0501187  36.1157500   0.6641364   0.7081151   0.0387444
   0.0501187  36.1596800   0.6660427   0.7098178   0.0387725
   0.0501187  36.2036100   0.6679491   0.7115217   0.0388008
   0.0501187  36.2475400   0.6698555   0.7132268   0.0388293
   0.0501187  36.2914700   0.6717619   0.7149332   0.0388580
   0.0501187  36.3354000   0.6736684   0.7166409   0.0388868
   0.0501187  36.3793300   0.6755748   0.7183498   0.0389158
   0.0501187  36.4232600   0.6774813   0.7200600   0.0389450
   0.0501187  36.4671900   0.6793878   0.7217715   0.0389743
   0.0501187  36.5111200   0.6812944   0.7234843   0.0390038
   0.0501187  36.5550500   0.6832009   0.7251984   0.0390334
   0.0501187  36.5989800   0.6851075   0.7269138   0.0390632
   0.0501187  36.6429100   0.6870141   0.7286305   0.0390931
   0.0501187  36.6868400   0.6889208   0.7303485   0.0391232
   0.0501187  36.7307700   0.6908274   0.7320679   0.0391534
   0.0501187  36.7747000   0.6927341   0.7337885   0.0391837
   0.0501187  36.8186300   0.6946408   0.7355105   0.0392142
   0.0501187  36.8625600   0.6965476   0.7372339   0.0392448
   0.0501187  36.9064900   0.6984544   0.7389586   0.0392755
   0.0501187  36.9504200   0.7003612   0.7406846   0.0393063
   0.0501187  36.9943500   0.7022680   0.7424120   0.0393373
   0.0501187  37.0382800   0.7041749   0.7441408   0.0393683
   0.0501187  37.0822100   0.7060818   0.7458709   0.0393995
   0.0501187  37.1261400   0.7079887   0.7476025   0.0394308
   0.0501187  37.1700700   0.7098957   0.7493353   0.0394622
   0.0501187  37.2140000   0.7118027   0.7510696   0.0394937
   0.0501187  37.2579300   0.7137097   0.7528053   0.0395252
   0.0501187  37.3018600   0.7156168   0.7545423   0.0395569
   0.0501187  37.3457900   0.7175240   0.7562807   0.0395887
   0.0501187  37.3897200   0.7194312   0.7580205   0.0396205
   0.0501187  37.4336500   0.7213384   0.7597618   0.0396524
   0.0501187  37.4775800   0.7232457   0.7615044   0.0396844
   0.0501187  37.5215100   0.7251531   0.7632485   0.0397165
   0.0501187  37.5654400   0.7270606   0.7649939   0.0397486
   0.0501187  37.6093700   0.7289681   0.7667408   0.0397808
   0.0501187  37.6533000   0.7308757   0.7684890   0.0398131
   0.0501187  37.6972300   0.7327835   0.7702387   0.0398454
   0.0501187  37.7411600   0.7346914   0.7719899   0.0398778
   0.0501187  37.7850900   0.7365996   0.7737424   0.0399101
   0.0501187  37.8290200   0.7385082   0.7754964   0.0399419
   0.0501187  37.8729500   0.7407281   0.7772512   0.0399489
   0.0501187  37.9168800   0.7430993   0.7790064   0.0399566
   0.0501187  37.9608100   0.7454708   0.7807618   0.0399648
   0.0501187  38.0047400   0.7478426   0.7825177   0.0399733
   0.0501187  38.0486700   0.7502145   0.7842739   0.0399822
   0.0501187  38.0926000   0.7525865   0.7860305   0.0399914
   0.0501187  38.1365300   0.7549587   0.7877875   0.0400009
   0.0501187  38.1804600   0.7573310   0.7895450   0.0400107
   0.0501187  38.2243900   0.7597033   0.7913029   0.0400208
   0.0501187  38.2683200   0.7620758   0.7930612   0.0400311
   0.0501187  38.3122500   0.7644483   0.7948200   0.0400418
   0.0501187  38.3561800   0.7668208   0.7965793   0.0400527
   0.0501187  38.4001100   0.7691935   0.7983390   0.0400639
   0.0501187  38.4440400   0.7715662   0.8000993   0.0400754
   0.0501187  38.4879700   0.7739389   0.8018601   0.0400872
   0.0501187  38.5319000   0.7763117   0.8036214   0.0400992
   0.0501187  38.5758300   0.7786846   0.8053832   0.0401114
   0.0501187  38.6197600   0.7810576   0.8071456   0.0401239
   0.0501187  38.6636900   0.7834305   0.8089085   0.0401366
   0.0501187  38.7076200   0.7858036   0.8106720   0.0401496
   0.0501187  38.7515500   0.7881767   0.8124360   0.0401628
   0.0501187  38.7954800   0.7905498   0.8142007   0.0401762
   0.0501187  38.8394100   0.7929230   0.8159659   0.0401898
   0.0501187  38.8833400   0.7952962   0.8177318   0.0402037
   0.0501187  38.9272700   0.7976695   0.8194982   0.0402177
   0.0501187  38.9712000   0.8000429   0.8212653   0.0402320
   0.0501187  39.0151300   0.8024163   0.8230330   0.0402465
   0.0501187  39.0590600   0.8047898   0.8248013   0.0402611
   0.0501187  39.1029900   0.8071633   0.8265703   0.0402760
   0.0501187  39.1469200   0.8095368   0.8283400   0.0402910
   0.0501187  39.1908500   0.8119105   0.8301103   0.0403062
   0.0501187  39.2347800   0.8142841   0.8318813   0.0403216
   0.0501187  39.2787100   0.8166579   0.8336530   0.0403371
   0.0501187  39.3226400   0.8190317   0.8354253   0.0403529
   0.0501187  39.3665700   0.8214055   0.8371984   0.0403687
   0.0501187  39.4105000   0.8237795   0.8389721   0.0403848
   0.0501187  39.4544300   0.8261535   0.8407466   0.0404010
   0.0501187  39.4983600   0.8285275   0.8425218   0.0404173
   0.0501187  39.5422900   0.8309017   0.8442977   0.0404338
   0.0501187  39.5862200   0.8332759   0.8460743   0.0404504
   0.0501187  39.6301500   0.8356502   0.8478516   0.0404671
   0.0501187  39.6740800   0.8380246   0.8496297   0.0404840
   0.0501187  39.7180100   0.8403991   0.8514085   0.0405010
   0.0501187  39.7619400   0.8427738   0.8531881   0.0405181
   0.0501187  39.8058700   0.8451485   0.8549685   0.0405353
   0.0501187  39.8498000   0.8475234   0.8567496   0.0405526
   0.0501187  39.8937300   0.8498984   0.8585314   0.0405700
   0.0501187  39.9376600   0.8522737   0.8603140   0.0405875
   0.0501187  39.9815900   0.8546492   0.8620974   0.0406051
   0.0501187  40.0255200   0.8570251   0.8638816   0.0406227
   0.0501187  40.0694500   0.8594017   0.8656665   0.0406397
   0.0501187  40.1133800   0.8621008   0.8674518   0.0406325
   0.0501187  40.1573100   0.8650032   0.8692366   0.0406256
   0.0501187  40.2012400   0.8679061   0.8710211   0.0406193
   0.0501187  40.2451700   0.8708094   0.8728054   0.0406134
   0.0501187  40.2891000   0.8737130   0.8745895   0.0406080
   0.0501187  40.3330300   0.8766168   0.8763732   0.0406028
   0.0501187  40.3769600   0.8795208   0.8781568   0.0405981
   0.0501187  40.4208900   0.8824250   0.8799402   0.0405937
   0.0501187  40.4648200   0.8853293   0.8817234   0.0405896
   0.0501187  40.5087500   0.8882337   0.8835064   0.0405858
   0.0501187  40.5526800   0.8911383   0.8852893   0.0405824
   0.0501187  40.5966100   0.8940430   0.8870720   0.0405792
   0.0501187  40.6405400   0.8969478   0.8888546   0.0405764
   0.0501187  40.6844700   0.8998527   0.8906370   0.0405739
   0.0501187  40.7284000   0.9027577   0.8924194   0.0405717
   0.0501187  40.7723300   0.9056628   0.8942017   0.0405697
   0.0501187  40.8162600   0.9085681   0.8959838   0.0405681
   0.0501187  40.8601900   0.9114734   0.8977660   0.0405667
   0.0501187  40.9041200   0.9143789   0.8995480   0.0405655
   0.0501187  40.9480500   0.9172844   0.9013301   0.0405647
   0.0501187  40.9919800   0.9201900   0.9031120   0.0405641
   0.0501187  41.0359100   0.9230958   0.9048940   0.0405637
   0.0501187  41.0798400   0.9260017   0.9066760   0.0405636
   0.0501187  41.1237700   0.9289076   0.9084579   0.0405637
   0.0501187  41.1677000   0.9318137   0.9102399   0.0405641
   0.0501187  41.2116300   0.9347199   0.9120219   0.0405646
   0.0501187  41.2555600   0.9376262   0.9138039   0.0405654
   0.0501187  41.2994900   0.9405326   0.9155860   0.0405664
   0.0501187  41.3434200   0.9434392   0.9173681   0.0405676
   0.0501187  41.3873500   0.9463459   0.9191503   0.0405690
   0.0501187  41.4312800   0.9492527   0.9209325   0.0405706
   0.0501187  41.4752100   0.9521597   0.9227148   0.0405724
   0.0501187  41.5191400   0.9550669   0.9244972   0.0405743
   0.0501187  41.5630700   0.9579743   0.9262797   0.0405764
   0.0501187  41.6070000   0.9608818   0.9280622   0.0405787
   0.0501187  41.6509300   0.9637897   0.9298449   0.0405812
   0.0501187  41.6948600   0.9666978   0.9316277   0.0405837
   0.0501187  41.7387900   0.9696063   0.9334106   0.0405864
   0.0501187  41.7827200   0.9725154   0.9351936   0.0405892
   0.0501187  41.8266500   0.9754254   0.9369768   0.0405915
   0.0501187  41.8705800   0.9786157   0.9387597   0.0405724
   0.0501187  41.9145100   0.9821143   0.9405415   0.0405508
   0.0501187  41.9584400   0.9856140   0.9423225   0.0405302
   0.0501187  42.0023700   0.9891142   0.9441025   0.0405102
   0.0501187  42.0463000   0.9926148   0.9458817   0.0404906
   0.0501187  42.0902300   0.9961158   0.9476600   0.0404714
   0.0501187  42.1341600   0.9996171   0.9494375   0.0404526
   0.0501187  42.1780900   1.0031186   0.9512142   0.0404342
   0.0501187  42.2220200   1.0066204   0.9529901   0.0404162
   0.0501187  42.2659500   1.0101224   0.9547652   0.0403986
   0.0501187  42.3098800   1.0136246   0.9565395   0.0403813
   0.0501187  42.3538100   1.0171270   0.9583131   0.0403644
   0.0501187  42.3977400   1.0206296   0.9600859   0.0403479
   0.0501187  42.4416700   1.0241324   0.9618581   0.0403318
   0.0501187  42.4856000   1.0276354   0.9636295   0.0403159
   0.0501187  42.5295300   1.0311385   0.9654002   0.0403004
   0.0501187  42.5734600   1.0346419   0.9671703   0.0402852
   0.0501187  42.6173900   1.0381454   0.9689397   0.0402704
   0.0501187  42.6613200   1.0416491   0.9707084   0.0402558
   0.0501187  42.7052500   1.0451530   0.9724766   0.0402415
   0.0501187  42.7491800   1.0486571   0.9742441   0.0402276
   0.0501187  42.7931100   1.0521614   0.9760110   0.0402139
   0.0501187  42.8370400   1.0556660   0.9777773   0.0402005
   0.0501187  42.8809700   1.0591707   0.9795430   0.0401873
   0.0501187  42.9249000   1.0626757   0.9813081   0.0401745
   0.0501187  42.9688300   1.0661810   0.9830727   0.0401618
   0.0501187  43.0127600   1.0696866   0.9848367   0.0401494
   0.0501187  43.0566900   1.0731925   0.9866002   0.0401373
   0.0501187  43.1006200   1.0766989   0.9883632   0.0401253
   0.0501187  43.1445500   1.0802057   0.9901256   0.0401135
   0.0501187  43.1884800   1.0837131   0.9918876   0.0401019
   0.0501187  43.2324100   1.0872216   0.9936490   0.0400903
   0.0501187  43.2763400   1.0907594   0.9954099   0.0400707
   0.0501187  43.3202700   1.0949184   0.9971692   0.0400310
   0.0501187  43.3642000   1.0990797   0.9989270   0.0399966
   0.0501187  43.4081300   1.1032420   1.0006833   0.0399628
   0.0501187  43.4520600   1.1074050   1.0024382   0.0399296
   0.0501187  43.4959900   1.1115686   1.0041916   0.0398969
   0.0501187  43.5399200   1.1157326   1.0059435   0.0398647
   0.0501187  43.5838500   1.1198970   1.0076941   0.0398330
   0.0501187  43.6277800   1.1240618   1.0094433   0.0398017
   0.0501187  43.6717100   1.1282269   1.0111911   0.0397709
   0.0501187  43.7156400   1.1323924   1.0129375   0.0397405
   0.0501187  43.7595700   1.1365582   1.0146827   0.0397105
   0.0501187  43.8035000   1.1407242   1.0164265   0.0396810
   0.0501187  43.8474300   1.1448906   1.0181691   0.0396519
   0.0501187  43.8913600   1.1490573   1.0199103   0.0396231
   0.0501187  43.9352900   1.1532243   1.0216503   0.0395948
   0.0501187  43.9792200   1.1573917   1.0233891   0.0395668
   0.0501187  44.0231500   1.1615593   1.0251267   0.0395393
   0.0501187  44.0670800   1.1657273   1.0268631   0.0395120
   0.0501187  44.1110100   1.1698957   1.0285982   0.0394851
   0.0501187  44.1549400   1.1740644   1.0303322   0.0394586
   0.0501187  44.1988700   1.1782336   1.0320651   0.0394324
   0.0501187  44.2428000   1.1824033   1.0337968   0.0394064
   0.0501187  44.2867300   1.1865736   1.0355273   0.0393808
   0.0501187  44.3306600   1.1907446   1.0372568   0.0393555
   0.0501187  44.3745900   1.1949166   1.0389851   0.0393303
   0.0501187  44.4185200   1.1990900   1.0407123   0.0393050
   0.0501187  44.4624500   1.2034413   1.0424383   0.0392639
   0.0501187  44.5063800   1.2083282   1.0441620   0.0392145
   0.0501187  44.5503100   1.2132175   1.0458837   0.0391676
   0.0501187  44.5942400   1.2181080   1.0476033   0.0391215
   0.0501187  44.6381700   1.2229994   1.0493209   0.0390759
   0.0501187  44.6821000   1.2278915   1.0510365   0.0390309
   0.0501187  44.7260300   1.2327843   1.0527502   0.0389865
   0.0501187  44.7699600   1.2376777   1.0544619   0.0389427
   0.0501187  44.8138900   1.2425715   1.0561717   0.0388994
   0.0501187  44.8578200   1.2474659   1.0578796   0.0388566
   0.0501187  44.9017500   1.2523608   1.0595856   0.0388143
   0.0501187  44.9456800   1.2572562   1.0612898   0.0387725
   0.0501187  44.9896100   1.2621520   1.0629922   0.0387312
   0.0501187  45.0335400   1.2670483   1.0646928   0.0386904
   0.0501187  45.0774700   1.2719452   1.0663915   0.0386500
   0.0501187  45.1214000   1.2768425   1.0680885   0.0386101
   0.0501187  45.1653300   1.2817405   1.0697838   0.0385706
   0.0501187  45.2092600   1.2866391   1.0714774   0.0385315
   0.0501187  45.2531900   1.2915384   1.0731692   0.0384928
   0.0501187  45.2971200   1.2964386   1.0748593   0.0384545
   0.0501187  45.3410500   1.3013399   1.0765478   0.0384165
   0.0501187  45.3849800   1.3062427   1.0782346   0.0383787
   0.0501187  45.4289100   1.3111484   1.0799198   0.0383394
   0.0501187  45.4728400   1.3166049   1.0816026   0.0382753
   0.0501187  45.5167700   1.3222864   1.0832827   0.0382160
   0.0501187  45.5607000   1.3279702   1.0849603   0.0381578
   0.0501187  45.6046300   1.3336553   1.0866353   0.0381004
   0.0501187  45.6485600   1.3393415   1.0883078   0.0380437
   0.0501187  45.6924900   1.3450287   1.0899778   0.0379877
   0.0501187  45.7364200   1.3507166   1.0916454   0.0379323
   0.0501187  45.7803500   1.3564054   1.0933106   0.0378775
   0.0501187  45.8242800   1.3620949   1.0949733   0.0378234
   0.0501187  45.8682100   1.3677852   1.0966337   0.0377698
   0.0501187  45.9121400   1.3734762   1.0982918   0.0377168
   0.0501187  45.9560700   1.3791679   1.0999476   0.0376644
   0.0501187  46.0000000   1.3848604   1.1016010   0.0376125
